Klymenko Maksym, RE-11 
number of rows in table is 60
+-----+--------------------+-------------------------+
|    1|                9.00|                    19.00|
+-----+--------------------+-------------------------+
|    2|               10.37|                    21.75|
+-----+--------------------+-------------------------+
|    3|               11.75|                    24.49|
+-----+--------------------+-------------------------+
|    4|               13.12|                    27.24|
+-----+--------------------+-------------------------+
|    5|               14.49|                    29.98|
+-----+--------------------+-------------------------+
|    6|               15.86|                    32.73|
+-----+--------------------+-------------------------+
|    7|               17.24|                    35.47|
+-----+--------------------+-------------------------+
|    8|               18.61|                    38.22|
+-----+--------------------+-------------------------+
|    9|               19.98|                    40.97|
+-----+--------------------+-------------------------+
|   10|               21.36|                    43.71|
+-----+--------------------+-------------------------+
|   11|               22.73|                    46.46|
+-----+--------------------+-------------------------+
|   12|               24.10|                    49.20|
+-----+--------------------+-------------------------+
|   13|               25.47|                    51.95|
+-----+--------------------+-------------------------+
|   14|               26.85|                    54.69|
+-----+--------------------+-------------------------+
|   15|               28.22|                    57.44|
+-----+--------------------+-------------------------+
|   16|               29.59|                    60.19|
+-----+--------------------+-------------------------+
|   17|               30.97|                    62.93|
+-----+--------------------+-------------------------+
|   18|               32.34|                    65.68|
+-----+--------------------+-------------------------+
|   19|               33.71|                    68.42|
+-----+--------------------+-------------------------+
|   20|               35.08|                    71.17|
+-----+--------------------+-------------------------+
|   21|               36.46|                    73.92|
+-----+--------------------+-------------------------+
|   22|               37.83|                    76.66|
+-----+--------------------+-------------------------+
|   23|               39.20|                    79.41|
+-----+--------------------+-------------------------+
|   24|               40.58|                    82.15|
+-----+--------------------+-------------------------+
|   25|               41.95|                    84.90|
+-----+--------------------+-------------------------+
|   26|               43.32|                    87.64|
+-----+--------------------+-------------------------+
|   27|               44.69|                    90.39|
+-----+--------------------+-------------------------+
|   28|               46.07|                    93.14|
+-----+--------------------+-------------------------+
|   29|               47.44|                    95.88|
+-----+--------------------+-------------------------+
|   30|               48.81|                    98.63|
+-----+--------------------+-------------------------+
|   31|               50.19|                   101.37|
+-----+--------------------+-------------------------+
|   32|               51.56|                   104.12|
+-----+--------------------+-------------------------+
|   33|               52.93|                   106.86|
+-----+--------------------+-------------------------+
|   34|               54.31|                   109.61|
+-----+--------------------+-------------------------+
|   35|               55.68|                   112.36|
+-----+--------------------+-------------------------+
|   36|               57.05|                   115.10|
+-----+--------------------+-------------------------+
|   37|               58.42|                   117.85|
+-----+--------------------+-------------------------+
|   38|               59.80|                   120.59|
+-----+--------------------+-------------------------+
|   39|               61.17|                   123.34|
+-----+--------------------+-------------------------+
|   40|               62.54|                   126.08|
+-----+--------------------+-------------------------+
|   41|               63.92|                   128.83|
+-----+--------------------+-------------------------+
|   42|               65.29|                   131.58|
+-----+--------------------+-------------------------+
|   43|               66.66|                   134.32|
+-----+--------------------+-------------------------+
|   44|               68.03|                   137.07|
+-----+--------------------+-------------------------+
|   45|               69.41|                   139.81|
+-----+--------------------+-------------------------+
|   46|               70.78|                   142.56|
+-----+--------------------+-------------------------+
|   47|               72.15|                   145.31|
+-----+--------------------+-------------------------+
|   48|               73.53|                   148.05|
+-----+--------------------+-------------------------+
|   49|               74.90|                   150.80|
+-----+--------------------+-------------------------+
|   50|               76.27|                   153.54|
+-----+--------------------+-------------------------+
|   51|               77.64|                   156.29|
+-----+--------------------+-------------------------+
|   52|               79.02|                   159.03|
+-----+--------------------+-------------------------+
|   53|               80.39|                   161.78|
+-----+--------------------+-------------------------+
|   54|               81.76|                   164.53|
+-----+--------------------+-------------------------+
|   55|               83.14|                   167.27|
+-----+--------------------+-------------------------+
|   56|               84.51|                   170.02|
+-----+--------------------+-------------------------+
|   57|               85.88|                   172.76|
+-----+--------------------+-------------------------+
|   58|               87.25|                   175.51|
+-----+--------------------+-------------------------+
|   59|               88.63|                   178.25|
+-----+--------------------+-------------------------+
|   60|               90.00|                   181.00|
+-----+--------------------+-------------------------+
